 -2.30000000e+00 5.68000000e-01 4.78000000e+00 3.99000000e+00 3.17000000e+00 1.25000000e-01 1.10000000e-01
 -2.30000000e+00 5.68000000e-01 4.78000000e+00 3.99000000e+00 3.17000000e+00 1.50000000e-01 2.70000000e-01
 -2.30000000e+00 5.68000000e-01 4.78000000e+00 3.99000000e+00 3.17000000e+00 1.75000000e-01 4.70000000e-01
 -2.30000000e+00 5.68000000e-01 4.78000000e+00 3.99000000e+00 3.17000000e+00 2.00000000e-01 7.80000000e-01
 -2.30000000e+00 5.68000000e-01 4.78000000e+00 3.99000000e+00 3.17000000e+00 2.25000000e-01 1.18000000e+00
 -2.30000000e+00 5.68000000e-01 4.78000000e+00 3.99000000e+00 3.17000000e+00 2.50000000e-01 1.82000000e+00
 -2.30000000e+00 5.68000000e-01 4.78000000e+00 3.99000000e+00 3.17000000e+00 2.75000000e-01 2.61000000e+00
 -2.30000000e+00 5.68000000e-01 4.78000000e+00 3.99000000e+00 3.17000000e+00 3.00000000e-01 3.76000000e+00
 -2.30000000e+00 5.68000000e-01 4.78000000e+00 3.99000000e+00 3.17000000e+00 3.25000000e-01 4.99000000e+00
 -2.30000000e+00 5.68000000e-01 4.78000000e+00 3.99000000e+00 3.17000000e+00 3.50000000e-01 7.16000000e+00
 -2.30000000e+00 5.68000000e-01 4.78000000e+00 3.99000000e+00 3.17000000e+00 3.75000000e-01 1.19300000e+01
 -2.30000000e+00 5.68000000e-01 4.78000000e+00 3.99000000e+00 3.17000000e+00 4.00000000e-01 2.01100000e+01
 -2.30000000e+00 5.68000000e-01 4.78000000e+00 3.99000000e+00 3.17000000e+00 4.25000000e-01 3.27500000e+01
 -2.30000000e+00 5.68000000e-01 4.78000000e+00 3.99000000e+00 3.17000000e+00 4.50000000e-01 4.94900000e+01
 -2.30000000e+00 5.69000000e-01 4.78000000e+00 3.04000000e+00 3.64000000e+00 1.25000000e-01 4.00000000e-02
 -2.30000000e+00 5.69000000e-01 4.78000000e+00 3.04000000e+00 3.64000000e+00 1.50000000e-01 1.70000000e-01
 -2.30000000e+00 5.69000000e-01 4.78000000e+00 3.04000000e+00 3.64000000e+00 1.75000000e-01 3.70000000e-01
 -2.30000000e+00 5.69000000e-01 4.78000000e+00 3.04000000e+00 3.64000000e+00 2.00000000e-01 6.60000000e-01
 -2.30000000e+00 5.69000000e-01 4.78000000e+00 3.04000000e+00 3.64000000e+00 2.25000000e-01 1.06000000e+00
 -2.30000000e+00 5.69000000e-01 4.78000000e+00 3.04000000e+00 3.64000000e+00 2.50000000e-01 1.59000000e+00
 -2.30000000e+00 5.69000000e-01 4.78000000e+00 3.04000000e+00 3.64000000e+00 2.75000000e-01 2.33000000e+00
 -2.30000000e+00 5.69000000e-01 4.78000000e+00 3.04000000e+00 3.64000000e+00 3.00000000e-01 3.29000000e+00
 -2.30000000e+00 5.69000000e-01 4.78000000e+00 3.04000000e+00 3.64000000e+00 3.25000000e-01 4.61000000e+00
 -2.30000000e+00 5.69000000e-01 4.78000000e+00 3.04000000e+00 3.64000000e+00 3.50000000e-01 7.11000000e+00
 -2.30000000e+00 5.69000000e-01 4.78000000e+00 3.04000000e+00 3.64000000e+00 3.75000000e-01 1.19900000e+01
 -2.30000000e+00 5.69000000e-01 4.78000000e+00 3.04000000e+00 3.64000000e+00 4.00000000e-01 2.10900000e+01
 -2.30000000e+00 5.69000000e-01 4.78000000e+00 3.04000000e+00 3.64000000e+00 4.25000000e-01 3.50100000e+01
 -2.30000000e+00 5.69000000e-01 4.78000000e+00 3.04000000e+00 3.64000000e+00 4.50000000e-01 5.18000000e+01
 -2.30000000e+00 5.65000000e-01 4.78000000e+00 5.35000000e+00 2.76000000e+00 1.25000000e-01 9.00000000e-02
 -2.30000000e+00 5.65000000e-01 4.78000000e+00 5.35000000e+00 2.76000000e+00 1.50000000e-01 2.90000000e-01
 -2.30000000e+00 5.65000000e-01 4.78000000e+00 5.35000000e+00 2.76000000e+00 1.75000000e-01 5.60000000e-01
 -2.30000000e+00 5.65000000e-01 4.78000000e+00 5.35000000e+00 2.76000000e+00 2.00000000e-01 8.60000000e-01
 -2.30000000e+00 5.65000000e-01 4.78000000e+00 5.35000000e+00 2.76000000e+00 2.25000000e-01 1.31000000e+00
 -2.30000000e+00 5.65000000e-01 4.78000000e+00 5.35000000e+00 2.76000000e+00 2.50000000e-01 1.99000000e+00
 -2.30000000e+00 5.65000000e-01 4.78000000e+00 5.35000000e+00 2.76000000e+00 2.75000000e-01 2.94000000e+00
 -2.30000000e+00 5.65000000e-01 4.78000000e+00 5.35000000e+00 2.76000000e+00 3.00000000e-01 4.21000000e+00
 -2.30000000e+00 5.65000000e-01 4.78000000e+00 5.35000000e+00 2.76000000e+00 3.25000000e-01 5.54000000e+00
 -2.30000000e+00 5.65000000e-01 4.78000000e+00 5.35000000e+00 2.76000000e+00 3.50000000e-01 8.25000000e+00
 -2.30000000e+00 5.65000000e-01 4.78000000e+00 5.35000000e+00 2.76000000e+00 3.75000000e-01 1.30800000e+01
 -2.30000000e+00 5.65000000e-01 4.78000000e+00 5.35000000e+00 2.76000000e+00 4.00000000e-01 2.14000000e+01
 -2.30000000e+00 5.65000000e-01 4.78000000e+00 5.35000000e+00 2.76000000e+00 4.25000000e-01 3.31400000e+01
 -2.30000000e+00 5.65000000e-01 4.78000000e+00 5.35000000e+00 2.76000000e+00 4.50000000e-01 5.01400000e+01
 -2.30000000e+00 5.64000000e-01 5.10000000e+00 3.95000000e+00 3.53000000e+00 1.25000000e-01 2.00000000e-01
 -2.30000000e+00 5.64000000e-01 5.10000000e+00 3.95000000e+00 3.53000000e+00 1.50000000e-01 3.50000000e-01
 -2.30000000e+00 5.64000000e-01 5.10000000e+00 3.95000000e+00 3.53000000e+00 1.75000000e-01 6.50000000e-01
 -2.30000000e+00 5.64000000e-01 5.10000000e+00 3.95000000e+00 3.53000000e+00 2.00000000e-01 9.30000000e-01
 -2.30000000e+00 5.64000000e-01 5.10000000e+00 3.95000000e+00 3.53000000e+00 2.25000000e-01 1.37000000e+00
 -2.30000000e+00 5.64000000e-01 5.10000000e+00 3.95000000e+00 3.53000000e+00 2.50000000e-01 1.97000000e+00
 -2.30000000e+00 5.64000000e-01 5.10000000e+00 3.95000000e+00 3.53000000e+00 2.75000000e-01 2.83000000e+00
 -2.30000000e+00 5.64000000e-01 5.10000000e+00 3.95000000e+00 3.53000000e+00 3.00000000e-01 3.99000000e+00
 -2.30000000e+00 5.64000000e-01 5.10000000e+00 3.95000000e+00 3.53000000e+00 3.25000000e-01 5.19000000e+00
 -2.30000000e+00 5.64000000e-01 5.10000000e+00 3.95000000e+00 3.53000000e+00 3.50000000e-01 8.03000000e+00
 -2.30000000e+00 5.64000000e-01 5.10000000e+00 3.95000000e+00 3.53000000e+00 3.75000000e-01 1.28600000e+01
 -2.30000000e+00 5.64000000e-01 5.10000000e+00 3.95000000e+00 3.53000000e+00 4.00000000e-01 2.15100000e+01
 -2.30000000e+00 5.64000000e-01 5.10000000e+00 3.95000000e+00 3.53000000e+00 4.25000000e-01 3.39700000e+01
 -2.30000000e+00 5.64000000e-01 5.10000000e+00 3.95000000e+00 3.53000000e+00 4.50000000e-01 5.03600000e+01
 -2.40000000e+00 5.74000000e-01 4.36000000e+00 3.96000000e+00 2.76000000e+00 1.25000000e-01 2.00000000e-01
 -2.40000000e+00 5.74000000e-01 4.36000000e+00 3.96000000e+00 2.76000000e+00 1.50000000e-01 3.50000000e-01
 -2.40000000e+00 5.74000000e-01 4.36000000e+00 3.96000000e+00 2.76000000e+00 1.75000000e-01 6.50000000e-01
 -2.40000000e+00 5.74000000e-01 4.36000000e+00 3.96000000e+00 2.76000000e+00 2.00000000e-01 9.30000000e-01
 -2.40000000e+00 5.74000000e-01 4.36000000e+00 3.96000000e+00 2.76000000e+00 2.25000000e-01 1.37000000e+00
 -2.40000000e+00 5.74000000e-01 4.36000000e+00 3.96000000e+00 2.76000000e+00 2.50000000e-01 1.97000000e+00
 -2.40000000e+00 5.74000000e-01 4.36000000e+00 3.96000000e+00 2.76000000e+00 2.75000000e-01 2.83000000e+00
 -2.40000000e+00 5.74000000e-01 4.36000000e+00 3.96000000e+00 2.76000000e+00 3.00000000e-01 3.99000000e+00
 -2.40000000e+00 5.74000000e-01 4.36000000e+00 3.96000000e+00 2.76000000e+00 3.25000000e-01 5.19000000e+00
 -2.40000000e+00 5.74000000e-01 4.36000000e+00 3.96000000e+00 2.76000000e+00 3.50000000e-01 8.03000000e+00
 -2.40000000e+00 5.74000000e-01 4.36000000e+00 3.96000000e+00 2.76000000e+00 3.75000000e-01 1.28600000e+01
 -2.40000000e+00 5.74000000e-01 4.36000000e+00 3.96000000e+00 2.76000000e+00 4.00000000e-01 2.15100000e+01
 -2.40000000e+00 5.74000000e-01 4.36000000e+00 3.96000000e+00 2.76000000e+00 4.25000000e-01 3.39700000e+01
 -2.40000000e+00 5.74000000e-01 4.36000000e+00 3.96000000e+00 2.76000000e+00 4.50000000e-01 5.03600000e+01
 -2.40000000e+00 5.68000000e-01 4.34000000e+00 2.98000000e+00 3.15000000e+00 1.25000000e-01 1.20000000e-01
 -2.40000000e+00 5.68000000e-01 4.34000000e+00 2.98000000e+00 3.15000000e+00 1.50000000e-01 2.60000000e-01
 -2.40000000e+00 5.68000000e-01 4.34000000e+00 2.98000000e+00 3.15000000e+00 1.75000000e-01 4.30000000e-01
 -2.40000000e+00 5.68000000e-01 4.34000000e+00 2.98000000e+00 3.15000000e+00 2.00000000e-01 6.90000000e-01
 -2.40000000e+00 5.68000000e-01 4.34000000e+00 2.98000000e+00 3.15000000e+00 2.25000000e-01 1.09000000e+00
 -2.40000000e+00 5.68000000e-01 4.34000000e+00 2.98000000e+00 3.15000000e+00 2.50000000e-01 1.67000000e+00
 -2.40000000e+00 5.68000000e-01 4.34000000e+00 2.98000000e+00 3.15000000e+00 2.75000000e-01 2.46000000e+00
 -2.40000000e+00 5.68000000e-01 4.34000000e+00 2.98000000e+00 3.15000000e+00 3.00000000e-01 3.43000000e+00
 -2.40000000e+00 5.68000000e-01 4.34000000e+00 2.98000000e+00 3.15000000e+00 3.25000000e-01 4.62000000e+00
 -2.40000000e+00 5.68000000e-01 4.34000000e+00 2.98000000e+00 3.15000000e+00 3.50000000e-01 6.86000000e+00
 -2.40000000e+00 5.68000000e-01 4.34000000e+00 2.98000000e+00 3.15000000e+00 3.75000000e-01 1.15600000e+01
 -2.40000000e+00 5.68000000e-01 4.34000000e+00 2.98000000e+00 3.15000000e+00 4.00000000e-01 2.06300000e+01
 -2.40000000e+00 5.68000000e-01 4.34000000e+00 2.98000000e+00 3.15000000e+00 4.25000000e-01 3.45000000e+01
 -2.40000000e+00 5.68000000e-01 4.34000000e+00 2.98000000e+00 3.15000000e+00 4.50000000e-01 5.42300000e+01
 -2.30000000e+00 5.62000000e-01 5.14000000e+00 4.95000000e+00 3.17000000e+00 1.25000000e-01 2.80000000e-01
 -2.30000000e+00 5.62000000e-01 5.14000000e+00 4.95000000e+00 3.17000000e+00 1.50000000e-01 4.40000000e-01
 -2.30000000e+00 5.62000000e-01 5.14000000e+00 4.95000000e+00 3.17000000e+00 1.75000000e-01 7.00000000e-01
 -2.30000000e+00 5.62000000e-01 5.14000000e+00 4.95000000e+00 3.17000000e+00 2.00000000e-01 1.07000000e+00
 -2.30000000e+00 5.62000000e-01 5.14000000e+00 4.95000000e+00 3.17000000e+00 2.25000000e-01 1.57000000e+00
 -2.30000000e+00 5.62000000e-01 5.14000000e+00 4.95000000e+00 3.17000000e+00 2.50000000e-01 2.23000000e+00
 -2.30000000e+00 5.62000000e-01 5.14000000e+00 4.95000000e+00 3.17000000e+00 2.75000000e-01 3.09000000e+00
 -2.30000000e+00 5.62000000e-01 5.14000000e+00 4.95000000e+00 3.17000000e+00 3.00000000e-01 4.09000000e+00
 -2.30000000e+00 5.62000000e-01 5.14000000e+00 4.95000000e+00 3.17000000e+00 3.25000000e-01 5.82000000e+00
 -2.30000000e+00 5.62000000e-01 5.14000000e+00 4.95000000e+00 3.17000000e+00 3.50000000e-01 8.28000000e+00
 -2.30000000e+00 5.62000000e-01 5.14000000e+00 4.95000000e+00 3.17000000e+00 3.75000000e-01 1.28000000e+01
 -2.30000000e+00 5.62000000e-01 5.14000000e+00 4.95000000e+00 3.17000000e+00 4.00000000e-01 2.04100000e+01
 -2.30000000e+00 5.62000000e-01 5.14000000e+00 4.95000000e+00 3.17000000e+00 4.25000000e-01 3.23400000e+01
 -2.30000000e+00 5.62000000e-01 5.14000000e+00 4.95000000e+00 3.17000000e+00 4.50000000e-01 4.72900000e+01
 -2.40000000e+00 5.85000000e-01 4.78000000e+00 3.84000000e+00 3.32000000e+00 1.25000000e-01 2.00000000e-01
 -2.40000000e+00 5.85000000e-01 4.78000000e+00 3.84000000e+00 3.32000000e+00 1.50000000e-01 3.80000000e-01
 -2.40000000e+00 5.85000000e-01 4.78000000e+00 3.84000000e+00 3.32000000e+00 1.75000000e-01 6.40000000e-01
 -2.40000000e+00 5.85000000e-01 4.78000000e+00 3.84000000e+00 3.32000000e+00 2.00000000e-01 9.70000000e-01
 -2.40000000e+00 5.85000000e-01 4.78000000e+00 3.84000000e+00 3.32000000e+00 2.25000000e-01 1.36000000e+00
 -2.40000000e+00 5.85000000e-01 4.78000000e+00 3.84000000e+00 3.32000000e+00 2.50000000e-01 1.98000000e+00
 -2.40000000e+00 5.85000000e-01 4.78000000e+00 3.84000000e+00 3.32000000e+00 2.75000000e-01 2.91000000e+00
 -2.40000000e+00 5.85000000e-01 4.78000000e+00 3.84000000e+00 3.32000000e+00 3.00000000e-01 4.35000000e+00
 -2.40000000e+00 5.85000000e-01 4.78000000e+00 3.84000000e+00 3.32000000e+00 3.25000000e-01 5.79000000e+00
 -2.40000000e+00 5.85000000e-01 4.78000000e+00 3.84000000e+00 3.32000000e+00 3.50000000e-01 8.04000000e+00
 -2.40000000e+00 5.85000000e-01 4.78000000e+00 3.84000000e+00 3.32000000e+00 3.75000000e-01 1.21500000e+01
 -2.40000000e+00 5.85000000e-01 4.78000000e+00 3.84000000e+00 3.32000000e+00 4.00000000e-01 1.91800000e+01
 -2.40000000e+00 5.85000000e-01 4.78000000e+00 3.84000000e+00 3.32000000e+00 4.25000000e-01 3.00900000e+01
 -2.40000000e+00 5.85000000e-01 4.78000000e+00 3.84000000e+00 3.32000000e+00 4.50000000e-01 4.43800000e+01
 -2.20000000e+00 5.46000000e-01 4.78000000e+00 4.13000000e+00 3.07000000e+00 1.25000000e-01 1.50000000e-01
 -2.20000000e+00 5.46000000e-01 4.78000000e+00 4.13000000e+00 3.07000000e+00 1.50000000e-01 3.20000000e-01
 -2.20000000e+00 5.46000000e-01 4.78000000e+00 4.13000000e+00 3.07000000e+00 1.75000000e-01 5.50000000e-01
 -2.20000000e+00 5.46000000e-01 4.78000000e+00 4.13000000e+00 3.07000000e+00 2.00000000e-01 8.60000000e-01
 -2.20000000e+00 5.46000000e-01 4.78000000e+00 4.13000000e+00 3.07000000e+00 2.25000000e-01 1.24000000e+00
 -2.20000000e+00 5.46000000e-01 4.78000000e+00 4.13000000e+00 3.07000000e+00 2.50000000e-01 1.76000000e+00
 -2.20000000e+00 5.46000000e-01 4.78000000e+00 4.13000000e+00 3.07000000e+00 2.75000000e-01 2.49000000e+00
 -2.20000000e+00 5.46000000e-01 4.78000000e+00 4.13000000e+00 3.07000000e+00 3.00000000e-01 3.45000000e+00
 -2.20000000e+00 5.46000000e-01 4.78000000e+00 4.13000000e+00 3.07000000e+00 3.25000000e-01 4.83000000e+00
 -2.20000000e+00 5.46000000e-01 4.78000000e+00 4.13000000e+00 3.07000000e+00 3.50000000e-01 7.37000000e+00
 -2.20000000e+00 5.46000000e-01 4.78000000e+00 4.13000000e+00 3.07000000e+00 3.75000000e-01 1.27600000e+01
 -2.20000000e+00 5.46000000e-01 4.78000000e+00 4.13000000e+00 3.07000000e+00 4.00000000e-01 2.19900000e+01
 -2.20000000e+00 5.46000000e-01 4.78000000e+00 4.13000000e+00 3.07000000e+00 4.25000000e-01 3.56400000e+01
 -2.20000000e+00 5.46000000e-01 4.78000000e+00 4.13000000e+00 3.07000000e+00 4.50000000e-01 5.30700000e+01
 0.00000000e+00 5.65000000e-01 4.77000000e+00 3.99000000e+00 3.15000000e+00 1.25000000e-01 1.10000000e-01
 0.00000000e+00 5.65000000e-01 4.77000000e+00 3.99000000e+00 3.15000000e+00 1.50000000e-01 2.40000000e-01
 0.00000000e+00 5.65000000e-01 4.77000000e+00 3.99000000e+00 3.15000000e+00 1.75000000e-01 4.90000000e-01
 0.00000000e+00 5.65000000e-01 4.77000000e+00 3.99000000e+00 3.15000000e+00 2.00000000e-01 7.90000000e-01
 0.00000000e+00 5.65000000e-01 4.77000000e+00 3.99000000e+00 3.15000000e+00 2.25000000e-01 1.28000000e+00
 0.00000000e+00 5.65000000e-01 4.77000000e+00 3.99000000e+00 3.15000000e+00 2.50000000e-01 1.96000000e+00
 0.00000000e+00 5.65000000e-01 4.77000000e+00 3.99000000e+00 3.15000000e+00 2.75000000e-01 2.88000000e+00
 0.00000000e+00 5.65000000e-01 4.77000000e+00 3.99000000e+00 3.15000000e+00 3.00000000e-01 4.14000000e+00
 0.00000000e+00 5.65000000e-01 4.77000000e+00 3.99000000e+00 3.15000000e+00 3.25000000e-01 5.96000000e+00
 0.00000000e+00 5.65000000e-01 4.77000000e+00 3.99000000e+00 3.15000000e+00 3.50000000e-01 9.07000000e+00
 0.00000000e+00 5.65000000e-01 4.77000000e+00 3.99000000e+00 3.15000000e+00 3.75000000e-01 1.49300000e+01
 0.00000000e+00 5.65000000e-01 4.77000000e+00 3.99000000e+00 3.15000000e+00 4.00000000e-01 2.41300000e+01
 0.00000000e+00 5.65000000e-01 4.77000000e+00 3.99000000e+00 3.15000000e+00 4.25000000e-01 3.81200000e+01
 0.00000000e+00 5.65000000e-01 4.77000000e+00 3.99000000e+00 3.15000000e+00 4.50000000e-01 5.54400000e+01
 -5.00000000e+00 5.65000000e-01 4.77000000e+00 3.99000000e+00 3.15000000e+00 1.25000000e-01 7.00000000e-02
 -5.00000000e+00 5.65000000e-01 4.77000000e+00 3.99000000e+00 3.15000000e+00 1.50000000e-01 1.80000000e-01
 -5.00000000e+00 5.65000000e-01 4.77000000e+00 3.99000000e+00 3.15000000e+00 1.75000000e-01 4.00000000e-01
 -5.00000000e+00 5.65000000e-01 4.77000000e+00 3.99000000e+00 3.15000000e+00 2.00000000e-01 7.00000000e-01
 -5.00000000e+00 5.65000000e-01 4.77000000e+00 3.99000000e+00 3.15000000e+00 2.25000000e-01 1.14000000e+00
 -5.00000000e+00 5.65000000e-01 4.77000000e+00 3.99000000e+00 3.15000000e+00 2.50000000e-01 1.83000000e+00
 -5.00000000e+00 5.65000000e-01 4.77000000e+00 3.99000000e+00 3.15000000e+00 2.75000000e-01 2.77000000e+00
 -5.00000000e+00 5.65000000e-01 4.77000000e+00 3.99000000e+00 3.15000000e+00 3.00000000e-01 4.12000000e+00
 -5.00000000e+00 5.65000000e-01 4.77000000e+00 3.99000000e+00 3.15000000e+00 3.25000000e-01 5.41000000e+00
 -5.00000000e+00 5.65000000e-01 4.77000000e+00 3.99000000e+00 3.15000000e+00 3.50000000e-01 7.87000000e+00
 -5.00000000e+00 5.65000000e-01 4.77000000e+00 3.99000000e+00 3.15000000e+00 3.75000000e-01 1.27100000e+01
 -5.00000000e+00 5.65000000e-01 4.77000000e+00 3.99000000e+00 3.15000000e+00 4.00000000e-01 2.10200000e+01
 -5.00000000e+00 5.65000000e-01 4.77000000e+00 3.99000000e+00 3.15000000e+00 4.25000000e-01 3.45800000e+01
 -5.00000000e+00 5.65000000e-01 4.77000000e+00 3.99000000e+00 3.15000000e+00 4.50000000e-01 5.17700000e+01
 0.00000000e+00 5.65000000e-01 5.10000000e+00 3.94000000e+00 3.51000000e+00 1.25000000e-01 8.00000000e-02
 0.00000000e+00 5.65000000e-01 5.10000000e+00 3.94000000e+00 3.51000000e+00 1.50000000e-01 2.60000000e-01
 0.00000000e+00 5.65000000e-01 5.10000000e+00 3.94000000e+00 3.51000000e+00 1.75000000e-01 5.00000000e-01
 0.00000000e+00 5.65000000e-01 5.10000000e+00 3.94000000e+00 3.51000000e+00 2.00000000e-01 8.30000000e-01
 0.00000000e+00 5.65000000e-01 5.10000000e+00 3.94000000e+00 3.51000000e+00 2.25000000e-01 1.28000000e+00
 0.00000000e+00 5.65000000e-01 5.10000000e+00 3.94000000e+00 3.51000000e+00 2.50000000e-01 1.90000000e+00
 0.00000000e+00 5.65000000e-01 5.10000000e+00 3.94000000e+00 3.51000000e+00 2.75000000e-01 2.68000000e+00
 0.00000000e+00 5.65000000e-01 5.10000000e+00 3.94000000e+00 3.51000000e+00 3.00000000e-01 3.76000000e+00
 0.00000000e+00 5.65000000e-01 5.10000000e+00 3.94000000e+00 3.51000000e+00 3.25000000e-01 5.57000000e+00
 0.00000000e+00 5.65000000e-01 5.10000000e+00 3.94000000e+00 3.51000000e+00 3.50000000e-01 8.76000000e+00
 0.00000000e+00 5.65000000e-01 5.10000000e+00 3.94000000e+00 3.51000000e+00 3.75000000e-01 1.42400000e+01
 0.00000000e+00 5.65000000e-01 5.10000000e+00 3.94000000e+00 3.51000000e+00 4.00000000e-01 2.30500000e+01
 0.00000000e+00 5.65000000e-01 5.10000000e+00 3.94000000e+00 3.51000000e+00 4.25000000e-01 3.54600000e+01
 0.00000000e+00 5.65000000e-01 5.10000000e+00 3.94000000e+00 3.51000000e+00 4.50000000e-01 5.19900000e+01
 -5.00000000e+00 5.65000000e-01 5.10000000e+00 3.94000000e+00 3.51000000e+00 1.25000000e-01 8.00000000e-02
 -5.00000000e+00 5.65000000e-01 5.10000000e+00 3.94000000e+00 3.51000000e+00 1.50000000e-01 2.40000000e-01
 -5.00000000e+00 5.65000000e-01 5.10000000e+00 3.94000000e+00 3.51000000e+00 1.75000000e-01 4.50000000e-01
 -5.00000000e+00 5.65000000e-01 5.10000000e+00 3.94000000e+00 3.51000000e+00 2.00000000e-01 7.70000000e-01
 -5.00000000e+00 5.65000000e-01 5.10000000e+00 3.94000000e+00 3.51000000e+00 2.25000000e-01 1.19000000e+00
 -5.00000000e+00 5.65000000e-01 5.10000000e+00 3.94000000e+00 3.51000000e+00 2.50000000e-01 1.76000000e+00
 -5.00000000e+00 5.65000000e-01 5.10000000e+00 3.94000000e+00 3.51000000e+00 2.75000000e-01 2.59000000e+00
 -5.00000000e+00 5.65000000e-01 5.10000000e+00 3.94000000e+00 3.51000000e+00 3.00000000e-01 3.85000000e+00
 -5.00000000e+00 5.65000000e-01 5.10000000e+00 3.94000000e+00 3.51000000e+00 3.25000000e-01 5.27000000e+00
 -5.00000000e+00 5.65000000e-01 5.10000000e+00 3.94000000e+00 3.51000000e+00 3.50000000e-01 7.74000000e+00
 -5.00000000e+00 5.65000000e-01 5.10000000e+00 3.94000000e+00 3.51000000e+00 3.75000000e-01 1.24000000e+01
 -5.00000000e+00 5.65000000e-01 5.10000000e+00 3.94000000e+00 3.51000000e+00 4.00000000e-01 2.09100000e+01
 -5.00000000e+00 5.65000000e-01 5.10000000e+00 3.94000000e+00 3.51000000e+00 4.25000000e-01 3.32300000e+01
 -5.00000000e+00 5.65000000e-01 5.10000000e+00 3.94000000e+00 3.51000000e+00 4.50000000e-01 4.91400000e+01
 -2.30000000e+00 5.30000000e-01 5.11000000e+00 3.69000000e+00 3.51000000e+00 1.25000000e-01 8.00000000e-02
 -2.30000000e+00 5.30000000e-01 5.11000000e+00 3.69000000e+00 3.51000000e+00 1.50000000e-01 2.50000000e-01
 -2.30000000e+00 5.30000000e-01 5.11000000e+00 3.69000000e+00 3.51000000e+00 1.75000000e-01 4.60000000e-01
 -2.30000000e+00 5.30000000e-01 5.11000000e+00 3.69000000e+00 3.51000000e+00 2.00000000e-01 7.50000000e-01
 -2.30000000e+00 5.30000000e-01 5.11000000e+00 3.69000000e+00 3.51000000e+00 2.25000000e-01 1.11000000e+00
 -2.30000000e+00 5.30000000e-01 5.11000000e+00 3.69000000e+00 3.51000000e+00 2.50000000e-01 1.57000000e+00
 -2.30000000e+00 5.30000000e-01 5.11000000e+00 3.69000000e+00 3.51000000e+00 2.75000000e-01 2.17000000e+00
 -2.30000000e+00 5.30000000e-01 5.11000000e+00 3.69000000e+00 3.51000000e+00 3.00000000e-01 2.98000000e+00
 -2.30000000e+00 5.30000000e-01 5.11000000e+00 3.69000000e+00 3.51000000e+00 3.25000000e-01 4.42000000e+00
 -2.30000000e+00 5.30000000e-01 5.11000000e+00 3.69000000e+00 3.51000000e+00 3.50000000e-01 7.84000000e+00
 -2.30000000e+00 5.30000000e-01 5.11000000e+00 3.69000000e+00 3.51000000e+00 3.75000000e-01 1.41100000e+01
 -2.30000000e+00 5.30000000e-01 5.11000000e+00 3.69000000e+00 3.51000000e+00 4.00000000e-01 2.41400000e+01
 -2.30000000e+00 5.30000000e-01 5.11000000e+00 3.69000000e+00 3.51000000e+00 4.25000000e-01 3.79500000e+01
 -2.30000000e+00 5.30000000e-01 5.11000000e+00 3.69000000e+00 3.51000000e+00 4.50000000e-01 5.51700000e+01
 -2.30000000e+00 5.30000000e-01 4.76000000e+00 3.68000000e+00 3.16000000e+00 1.25000000e-01 1.00000000e-01
 -2.30000000e+00 5.30000000e-01 4.76000000e+00 3.68000000e+00 3.16000000e+00 1.50000000e-01 2.30000000e-01
 -2.30000000e+00 5.30000000e-01 4.76000000e+00 3.68000000e+00 3.16000000e+00 1.75000000e-01 4.70000000e-01
 -2.30000000e+00 5.30000000e-01 4.76000000e+00 3.68000000e+00 3.16000000e+00 2.00000000e-01 7.60000000e-01
 -2.30000000e+00 5.30000000e-01 4.76000000e+00 3.68000000e+00 3.16000000e+00 2.25000000e-01 1.15000000e+00
 -2.30000000e+00 5.30000000e-01 4.76000000e+00 3.68000000e+00 3.16000000e+00 2.50000000e-01 1.65000000e+00
 -2.30000000e+00 5.30000000e-01 4.76000000e+00 3.68000000e+00 3.16000000e+00 2.75000000e-01 2.28000000e+00
 -2.30000000e+00 5.30000000e-01 4.76000000e+00 3.68000000e+00 3.16000000e+00 3.00000000e-01 3.09000000e+00
 -2.30000000e+00 5.30000000e-01 4.76000000e+00 3.68000000e+00 3.16000000e+00 3.25000000e-01 4.41000000e+00
 -2.30000000e+00 5.30000000e-01 4.76000000e+00 3.68000000e+00 3.16000000e+00 3.50000000e-01 7.51000000e+00
 -2.30000000e+00 5.30000000e-01 4.76000000e+00 3.68000000e+00 3.16000000e+00 3.75000000e-01 1.37700000e+01
 -2.30000000e+00 5.30000000e-01 4.76000000e+00 3.68000000e+00 3.16000000e+00 4.00000000e-01 2.39600000e+01
 -2.30000000e+00 5.30000000e-01 4.76000000e+00 3.68000000e+00 3.16000000e+00 4.25000000e-01 3.73800000e+01
 -2.30000000e+00 5.30000000e-01 4.76000000e+00 3.68000000e+00 3.16000000e+00 4.50000000e-01 5.64600000e+01
 -2.30000000e+00 5.30000000e-01 4.34000000e+00 2.81000000e+00 3.15000000e+00 1.25000000e-01 5.00000000e-02
 -2.30000000e+00 5.30000000e-01 4.34000000e+00 2.81000000e+00 3.15000000e+00 1.50000000e-01 1.70000000e-01
 -2.30000000e+00 5.30000000e-01 4.34000000e+00 2.81000000e+00 3.15000000e+00 1.75000000e-01 3.50000000e-01
 -2.30000000e+00 5.30000000e-01 4.34000000e+00 2.81000000e+00 3.15000000e+00 2.00000000e-01 6.30000000e-01
 -2.30000000e+00 5.30000000e-01 4.34000000e+00 2.81000000e+00 3.15000000e+00 2.25000000e-01 1.01000000e+00
 -2.30000000e+00 5.30000000e-01 4.34000000e+00 2.81000000e+00 3.15000000e+00 2.50000000e-01 1.43000000e+00
 -2.30000000e+00 5.30000000e-01 4.34000000e+00 2.81000000e+00 3.15000000e+00 2.75000000e-01 2.05000000e+00
 -2.30000000e+00 5.30000000e-01 4.34000000e+00 2.81000000e+00 3.15000000e+00 3.00000000e-01 2.73000000e+00
 -2.30000000e+00 5.30000000e-01 4.34000000e+00 2.81000000e+00 3.15000000e+00 3.25000000e-01 3.87000000e+00
 -2.30000000e+00 5.30000000e-01 4.34000000e+00 2.81000000e+00 3.15000000e+00 3.50000000e-01 7.19000000e+00
 -2.30000000e+00 5.30000000e-01 4.34000000e+00 2.81000000e+00 3.15000000e+00 3.75000000e-01 1.39600000e+01
 -2.30000000e+00 5.30000000e-01 4.34000000e+00 2.81000000e+00 3.15000000e+00 4.00000000e-01 2.51800000e+01
 -2.30000000e+00 5.30000000e-01 4.34000000e+00 2.81000000e+00 3.15000000e+00 4.25000000e-01 4.13400000e+01
 -2.30000000e+00 5.30000000e-01 4.34000000e+00 2.81000000e+00 3.15000000e+00 4.50000000e-01 6.24200000e+01
 0.00000000e+00 6.00000000e-01 4.78000000e+00 4.24000000e+00 3.15000000e+00 1.25000000e-01 3.00000000e-02
 0.00000000e+00 6.00000000e-01 4.78000000e+00 4.24000000e+00 3.15000000e+00 1.50000000e-01 1.80000000e-01
 0.00000000e+00 6.00000000e-01 4.78000000e+00 4.24000000e+00 3.15000000e+00 1.75000000e-01 4.00000000e-01
 0.00000000e+00 6.00000000e-01 4.78000000e+00 4.24000000e+00 3.15000000e+00 2.00000000e-01 7.30000000e-01
 0.00000000e+00 6.00000000e-01 4.78000000e+00 4.24000000e+00 3.15000000e+00 2.25000000e-01 1.30000000e+00
 0.00000000e+00 6.00000000e-01 4.78000000e+00 4.24000000e+00 3.15000000e+00 2.50000000e-01 2.16000000e+00
 0.00000000e+00 6.00000000e-01 4.78000000e+00 4.24000000e+00 3.15000000e+00 2.75000000e-01 3.35000000e+00
 0.00000000e+00 6.00000000e-01 4.78000000e+00 4.24000000e+00 3.15000000e+00 3.00000000e-01 5.06000000e+00
 0.00000000e+00 6.00000000e-01 4.78000000e+00 4.24000000e+00 3.15000000e+00 3.25000000e-01 7.14000000e+00
 0.00000000e+00 6.00000000e-01 4.78000000e+00 4.24000000e+00 3.15000000e+00 3.50000000e-01 1.03600000e+01
 0.00000000e+00 6.00000000e-01 4.78000000e+00 4.24000000e+00 3.15000000e+00 3.75000000e-01 1.52500000e+01
 0.00000000e+00 6.00000000e-01 4.78000000e+00 4.24000000e+00 3.15000000e+00 4.00000000e-01 2.31500000e+01
 0.00000000e+00 6.00000000e-01 4.78000000e+00 4.24000000e+00 3.15000000e+00 4.25000000e-01 3.46200000e+01
 0.00000000e+00 6.00000000e-01 4.78000000e+00 4.24000000e+00 3.15000000e+00 4.50000000e-01 5.15000000e+01
 -5.00000000e+00 6.00000000e-01 4.78000000e+00 4.24000000e+00 3.15000000e+00 1.25000000e-01 6.00000000e-02
 -5.00000000e+00 6.00000000e-01 4.78000000e+00 4.24000000e+00 3.15000000e+00 1.50000000e-01 1.50000000e-01
 -5.00000000e+00 6.00000000e-01 4.78000000e+00 4.24000000e+00 3.15000000e+00 1.75000000e-01 3.40000000e-01
 -5.00000000e+00 6.00000000e-01 4.78000000e+00 4.24000000e+00 3.15000000e+00 2.00000000e-01 6.30000000e-01
 -5.00000000e+00 6.00000000e-01 4.78000000e+00 4.24000000e+00 3.15000000e+00 2.25000000e-01 1.13000000e+00
 -5.00000000e+00 6.00000000e-01 4.78000000e+00 4.24000000e+00 3.15000000e+00 2.50000000e-01 1.85000000e+00
 -5.00000000e+00 6.00000000e-01 4.78000000e+00 4.24000000e+00 3.15000000e+00 2.75000000e-01 2.84000000e+00
 -5.00000000e+00 6.00000000e-01 4.78000000e+00 4.24000000e+00 3.15000000e+00 3.00000000e-01 4.34000000e+00
 -5.00000000e+00 6.00000000e-01 4.78000000e+00 4.24000000e+00 3.15000000e+00 3.25000000e-01 6.20000000e+00
 -5.00000000e+00 6.00000000e-01 4.78000000e+00 4.24000000e+00 3.15000000e+00 3.50000000e-01 8.62000000e+00
 -5.00000000e+00 6.00000000e-01 4.78000000e+00 4.24000000e+00 3.15000000e+00 3.75000000e-01 1.24900000e+01
 -5.00000000e+00 6.00000000e-01 4.78000000e+00 4.24000000e+00 3.15000000e+00 4.00000000e-01 2.04100000e+01
 -5.00000000e+00 6.00000000e-01 4.78000000e+00 4.24000000e+00 3.15000000e+00 4.25000000e-01 3.24600000e+01
 -5.00000000e+00 6.00000000e-01 4.78000000e+00 4.24000000e+00 3.15000000e+00 4.50000000e-01 5.09400000e+01
 0.00000000e+00 5.30000000e-01 4.78000000e+00 3.75000000e+00 3.15000000e+00 1.25000000e-01 1.60000000e-01
 0.00000000e+00 5.30000000e-01 4.78000000e+00 3.75000000e+00 3.15000000e+00 1.50000000e-01 3.20000000e-01
 0.00000000e+00 5.30000000e-01 4.78000000e+00 3.75000000e+00 3.15000000e+00 1.75000000e-01 5.90000000e-01
 0.00000000e+00 5.30000000e-01 4.78000000e+00 3.75000000e+00 3.15000000e+00 2.00000000e-01 9.20000000e-01
 0.00000000e+00 5.30000000e-01 4.78000000e+00 3.75000000e+00 3.15000000e+00 2.25000000e-01 1.37000000e+00
 0.00000000e+00 5.30000000e-01 4.78000000e+00 3.75000000e+00 3.15000000e+00 2.50000000e-01 1.94000000e+00
 0.00000000e+00 5.30000000e-01 4.78000000e+00 3.75000000e+00 3.15000000e+00 2.75000000e-01 2.62000000e+00
 0.00000000e+00 5.30000000e-01 4.78000000e+00 3.75000000e+00 3.15000000e+00 3.00000000e-01 3.70000000e+00
 0.00000000e+00 5.30000000e-01 4.78000000e+00 3.75000000e+00 3.15000000e+00 3.25000000e-01 5.45000000e+00
 0.00000000e+00 5.30000000e-01 4.78000000e+00 3.75000000e+00 3.15000000e+00 3.50000000e-01 9.45000000e+00
 0.00000000e+00 5.30000000e-01 4.78000000e+00 3.75000000e+00 3.15000000e+00 3.75000000e-01 1.63100000e+01
 0.00000000e+00 5.30000000e-01 4.78000000e+00 3.75000000e+00 3.15000000e+00 4.00000000e-01 2.73400000e+01
 0.00000000e+00 5.30000000e-01 4.78000000e+00 3.75000000e+00 3.15000000e+00 4.25000000e-01 4.17700000e+01
 0.00000000e+00 5.30000000e-01 4.78000000e+00 3.75000000e+00 3.15000000e+00 4.50000000e-01 6.08500000e+01
 -5.00000000e+00 5.30000000e-01 4.78000000e+00 3.75000000e+00 3.15000000e+00 1.25000000e-01 9.00000000e-02
 -5.00000000e+00 5.30000000e-01 4.78000000e+00 3.75000000e+00 3.15000000e+00 1.50000000e-01 2.40000000e-01
 -5.00000000e+00 5.30000000e-01 4.78000000e+00 3.75000000e+00 3.15000000e+00 1.75000000e-01 4.70000000e-01
 -5.00000000e+00 5.30000000e-01 4.78000000e+00 3.75000000e+00 3.15000000e+00 2.00000000e-01 7.80000000e-01
 -5.00000000e+00 5.30000000e-01 4.78000000e+00 3.75000000e+00 3.15000000e+00 2.25000000e-01 1.21000000e+00
 -5.00000000e+00 5.30000000e-01 4.78000000e+00 3.75000000e+00 3.15000000e+00 2.50000000e-01 1.85000000e+00
 -5.00000000e+00 5.30000000e-01 4.78000000e+00 3.75000000e+00 3.15000000e+00 2.75000000e-01 2.62000000e+00
 -5.00000000e+00 5.30000000e-01 4.78000000e+00 3.75000000e+00 3.15000000e+00 3.00000000e-01 3.69000000e+00
 -5.00000000e+00 5.30000000e-01 4.78000000e+00 3.75000000e+00 3.15000000e+00 3.25000000e-01 5.07000000e+00
 -5.00000000e+00 5.30000000e-01 4.78000000e+00 3.75000000e+00 3.15000000e+00 3.50000000e-01 7.95000000e+00
 -5.00000000e+00 5.30000000e-01 4.78000000e+00 3.75000000e+00 3.15000000e+00 3.75000000e-01 1.37300000e+01
 -5.00000000e+00 5.30000000e-01 4.78000000e+00 3.75000000e+00 3.15000000e+00 4.00000000e-01 2.35500000e+01
 -5.00000000e+00 5.30000000e-01 4.78000000e+00 3.75000000e+00 3.15000000e+00 4.25000000e-01 3.71400000e+01
 -5.00000000e+00 5.30000000e-01 4.78000000e+00 3.75000000e+00 3.15000000e+00 4.50000000e-01 5.58700000e+01
 -2.30000000e+00 6.00000000e-01 5.10000000e+00 4.17000000e+00 3.51000000e+00 1.25000000e-01 1.00000000e-02
 -2.30000000e+00 6.00000000e-01 5.10000000e+00 4.17000000e+00 3.51000000e+00 1.50000000e-01 1.60000000e-01
 -2.30000000e+00 6.00000000e-01 5.10000000e+00 4.17000000e+00 3.51000000e+00 1.75000000e-01 3.90000000e-01
 -2.30000000e+00 6.00000000e-01 5.10000000e+00 4.17000000e+00 3.51000000e+00 2.00000000e-01 7.30000000e-01
 -2.30000000e+00 6.00000000e-01 5.10000000e+00 4.17000000e+00 3.51000000e+00 2.25000000e-01 1.24000000e+00
 -2.30000000e+00 6.00000000e-01 5.10000000e+00 4.17000000e+00 3.51000000e+00 2.50000000e-01 1.96000000e+00
 -2.30000000e+00 6.00000000e-01 5.10000000e+00 4.17000000e+00 3.51000000e+00 2.75000000e-01 3.04000000e+00
 -2.30000000e+00 6.00000000e-01 5.10000000e+00 4.17000000e+00 3.51000000e+00 3.00000000e-01 4.46000000e+00
 -2.30000000e+00 6.00000000e-01 5.10000000e+00 4.17000000e+00 3.51000000e+00 3.25000000e-01 6.31000000e+00
 -2.30000000e+00 6.00000000e-01 5.10000000e+00 4.17000000e+00 3.51000000e+00 3.50000000e-01 8.68000000e+00
 -2.30000000e+00 6.00000000e-01 5.10000000e+00 4.17000000e+00 3.51000000e+00 3.75000000e-01 1.23900000e+01
 -2.30000000e+00 6.00000000e-01 5.10000000e+00 4.17000000e+00 3.51000000e+00 4.00000000e-01 2.01400000e+01
 -2.30000000e+00 6.00000000e-01 5.10000000e+00 4.17000000e+00 3.51000000e+00 4.25000000e-01 3.17700000e+01
 -2.30000000e+00 6.00000000e-01 5.10000000e+00 4.17000000e+00 3.51000000e+00 4.50000000e-01 4.71300000e+01
 -2.30000000e+00 6.00000000e-01 4.34000000e+00 4.23000000e+00 2.73000000e+00 1.25000000e-01 4.00000000e-02
 -2.30000000e+00 6.00000000e-01 4.34000000e+00 4.23000000e+00 2.73000000e+00 1.50000000e-01 1.70000000e-01
 -2.30000000e+00 6.00000000e-01 4.34000000e+00 4.23000000e+00 2.73000000e+00 1.75000000e-01 3.60000000e-01
 -2.30000000e+00 6.00000000e-01 4.34000000e+00 4.23000000e+00 2.73000000e+00 2.00000000e-01 6.40000000e-01
 -2.30000000e+00 6.00000000e-01 4.34000000e+00 4.23000000e+00 2.73000000e+00 2.25000000e-01 1.02000000e+00
 -2.30000000e+00 6.00000000e-01 4.34000000e+00 4.23000000e+00 2.73000000e+00 2.50000000e-01 1.62000000e+00
 -2.30000000e+00 6.00000000e-01 4.34000000e+00 4.23000000e+00 2.73000000e+00 2.75000000e-01 2.63000000e+00
 -2.30000000e+00 6.00000000e-01 4.34000000e+00 4.23000000e+00 2.73000000e+00 3.00000000e-01 4.15000000e+00
 -2.30000000e+00 6.00000000e-01 4.34000000e+00 4.23000000e+00 2.73000000e+00 3.25000000e-01 6.00000000e+00
 -2.30000000e+00 6.00000000e-01 4.34000000e+00 4.23000000e+00 2.73000000e+00 3.50000000e-01 8.47000000e+00
 -2.30000000e+00 6.00000000e-01 4.34000000e+00 4.23000000e+00 2.73000000e+00 3.75000000e-01 1.22700000e+01
 -2.30000000e+00 6.00000000e-01 4.34000000e+00 4.23000000e+00 2.73000000e+00 4.00000000e-01 1.95900000e+01
 -2.30000000e+00 6.00000000e-01 4.34000000e+00 4.23000000e+00 2.73000000e+00 4.25000000e-01 3.04800000e+01
 -2.30000000e+00 6.00000000e-01 4.34000000e+00 4.23000000e+00 2.73000000e+00 4.50000000e-01 4.66600000e+01
